name: web
channels:
  - defaults
  - conda-forge
dependencies:
  - _openmp_mutex=4.5=52_llvm
  - asgiref=3.11.1=py314haa95532_0
  - bzip2=1.0.8=h2bbff1b_6
  - ca-certificates=2026.6.17=h4c7d964_0
  - crispy-bootstrap5=2026.3=pyhcf101f3_0
  - django=6.0.6=pyhd8ed1ab_0
  - django-crispy-forms=2.6=pyhd8ed1ab_0
  - djangorestframework=3.17.1=pyhd8ed1ab_0
  - freeglut=3.8.0=hfcef157_0
  - icu=78.3=h99bb849_0
  - krb5=1.22.2=h3d06f0e_0
  - lcms2=2.19.1=h5da84a9_1
  - lerc=4.1.0=hd7fb8db_2
  - libdeflate=1.22=h2466b09_0
  - libexpat=2.8.1=hd7fb8db_1
  - libffi=3.4.8=h42d73b9_3
  - libfreetype=2.14.3=h57928b3_1
  - libfreetype6=2.14.3=hdbac1cb_1
  - libgcc=15.2.0=h8ee18e1_19
  - libjpeg-turbo=3.1.4.1=hfd05255_0
  - libkrb5=1.22.2=h3d06f0e_0
  - libmpdec=4.0.1=h1c6eee0_0
  - libopenjpeg=2.5.4=h1c6eee0_2
  - libpng=1.6.58=h7351971_0
  - libpq=18.4=h6b13b41_0
  - libtiff=4.7.1=h37aaaa1_1
  - libwebp-base=1.6.0=hbf3958f_0
  - libwinpthread=12.0.0.r4.gg4f2fc60ca=h57928b3_10
  - libxcb=1.17.0=h0e4246c_0
  - libzlib=1.3.2=h1c6eee0_0
  - lz4-c=1.9.4=h2bbff1b_1
  - openjpeg=2.5.4=hca346a0_2
  - openssl=3.6.3=hf411b9b_0
  - pillow=12.3.0=py314h61b30b5_0
  - pip=26.1.2=pyh0d26453_0
  - psycopg2=2.9.12=py314h3cd40a6_0
  - pthread-stubs=0.3=h3c9f919_1
  - python=3.14.6=hb107ab2_100_cp314
  - python_abi=3.14=2_cp314
  - sqlite=3.53.2=hee5a0db_0
  - sqlparse=0.5.5=py314haa95532_0
  - tk=8.6.15=hf199647_0
  - tzdata=2026b=he532380_0
  - ucrt=10.0.22621.0=haa95532_0
  - vc=14.3=h2df5915_12
  - vc14_runtime=14.44.35208=h4927774_12
  - vs2015_runtime=14.44.35208=ha6b5a95_12
  - xorg-libxau=1.0.12=hba3369d_1
  - xorg-libxdmcp=1.1.5=hba3369d_1
  - xz=5.8.2=h53af0af_0
  - zlib=1.3.2=h1c6eee0_0
  - zlib-ng=2.3.3=h25330d1_0
  - zstd=1.5.7=h56299aa_0
prefix: C:\anaconda\envs\web
